1 460 461 462 463 464 465 466 467 468 469 470 471 472 473 474 475 476 477 478
2
513 514 515 516 517 518 519 520 521 522
508 509 510 511 512 525 526 527 528 529 530
501 502 503 504 505 506 507 531 532 533 534 535 536 537 538
539 540 582 584
541 542 543 544 545 546 547 548 549 550 551 552 553 554 555 556 557 558 559 560 561 562 563 564 565 566 567 568 569 570 571 572
652 653 654 655 656 657 658 659 660 661 662 663 664 665 666 667 668 669 670 671 672 673
642 643 644 645 646 647 648 649 650 651 675 676 677 678 679 680 681 682 683 684 685 686

522 512
522 525
530 531
508 507
530 507
508 531
538 539
538 584
540 541
582 581
572 571
652 651
642 641

463 558 659 759 840 901
518 619

463 558